
Project information
@arcblock/react-scripts (3304981)	css-loader (276649)	Package Manager: NPM
RepoID: 11996815
Repo Owner/Name: facebook/create-react-app
Repository type: GitHub

 https://github.com/facebook/create-react-app/commit/

Tag information:
CommitInfo{repo='GitHub', hash='2c036ecef09f5909c4565b1b2a5dadbd530e214a', version='babel-plugin-named-asset-import@0.2.1'} 	https://github.com/facebook/create-react-app/commit/2c036ecef09f5909c4565b1b2a5dadbd530e214a
CommitInfo{repo='GitHub', hash='81515b44960a35a13534baeb0e5526a27be3928e', version='babel-plugin-named-asset-import@0.2.2'} 	https://github.com/facebook/create-react-app/commit/81515b44960a35a13534baeb0e5526a27be3928e
CommitInfo{repo='GitHub', hash='c0f306c154559f53f74919cbd26c1d4a18552e07', version='babel-plugin-named-asset-import@0.2.3'} 	https://github.com/facebook/create-react-app/commit/c0f306c154559f53f74919cbd26c1d4a18552e07
CommitInfo{repo='GitHub', hash='7ac8777ed1cebec6084a03e84272cfd21128b356', version='babel-preset-react-app@0.2.1'} 	https://github.com/facebook/create-react-app/commit/7ac8777ed1cebec6084a03e84272cfd21128b356
CommitInfo{repo='GitHub', hash='eba2730cbafdb05623f8966846437f9aae7752a4', version='babel-preset-react-app@0.3.0'} 	https://github.com/facebook/create-react-app/commit/eba2730cbafdb05623f8966846437f9aae7752a4
CommitInfo{repo='GitHub', hash='a5f760bab9b1876df13ac4345a4b42655fec46fa', version='babel-preset-react-app@1.0.0'} 	https://github.com/facebook/create-react-app/commit/a5f760bab9b1876df13ac4345a4b42655fec46fa
CommitInfo{repo='GitHub', hash='5ee027d638a582b2f1d47c35b4bc1d4c9f134737', version='babel-preset-react-app@2.0.0'} 	https://github.com/facebook/create-react-app/commit/5ee027d638a582b2f1d47c35b4bc1d4c9f134737
CommitInfo{repo='GitHub', hash='67e6cf5a529a7a7a020e50d11dceca789901bae7', version='babel-preset-react-app@2.1.0'} 	https://github.com/facebook/create-react-app/commit/67e6cf5a529a7a7a020e50d11dceca789901bae7
CommitInfo{repo='GitHub', hash='9e2624f332eea9032051dceb95eebfad5c158561', version='babel-preset-react-app@2.1.1'} 	https://github.com/facebook/create-react-app/commit/9e2624f332eea9032051dceb95eebfad5c158561
CommitInfo{repo='GitHub', hash='9b237625d553e4f01f31704a42440d50b48314ed', version='babel-preset-react-app@2.2.0'} 	https://github.com/facebook/create-react-app/commit/9b237625d553e4f01f31704a42440d50b48314ed
CommitInfo{repo='GitHub', hash='bf9eca25f519c73f69cff20ac49ce9500e578fe0', version='babel-preset-react-app@3.0.0'} 	https://github.com/facebook/create-react-app/commit/bf9eca25f519c73f69cff20ac49ce9500e578fe0
CommitInfo{repo='GitHub', hash='7796c94d79519f1632b89739040c154b5b66176a', version='babel-preset-react-app@3.0.1'} 	https://github.com/facebook/create-react-app/commit/7796c94d79519f1632b89739040c154b5b66176a
CommitInfo{repo='GitHub', hash='7796c94d79519f1632b89739040c154b5b66176a', version='babel-preset-react-app@3.0.1'} 	https://github.com/facebook/create-react-app/commit/7796c94d79519f1632b89739040c154b5b66176a
CommitInfo{repo='GitHub', hash='a009d1fb7f1de080cb36074a30ac10a7b47a14e6', version='babel-preset-react-app@3.0.3'} 	https://github.com/facebook/create-react-app/commit/a009d1fb7f1de080cb36074a30ac10a7b47a14e6
CommitInfo{repo='GitHub', hash='5cd0dc56511ce7f0280c2f1760fe441241b354a8', version='babel-preset-react-app@3.1.0'} 	https://github.com/facebook/create-react-app/commit/5cd0dc56511ce7f0280c2f1760fe441241b354a8
CommitInfo{repo='GitHub', hash='c7418355df383bcae6510ba830f6c4c92ed38376', version='babel-preset-react-app@3.1.1'} 	https://github.com/facebook/create-react-app/commit/c7418355df383bcae6510ba830f6c4c92ed38376
CommitInfo{repo='GitHub', hash='c1c43c479cbbd4bb072b13314bea015ff9684db5', version='babel-preset-react-app@5.0.1'} 	https://github.com/facebook/create-react-app/commit/c1c43c479cbbd4bb072b13314bea015ff9684db5
CommitInfo{repo='GitHub', hash='3bcc6469c6cb535e752ac33a58e9726c543c1bd8', version='babel-preset-react-app@5.0.2'} 	https://github.com/facebook/create-react-app/commit/3bcc6469c6cb535e752ac33a58e9726c543c1bd8
CommitInfo{repo='GitHub', hash='ba5be535a22de0fdf7c369faeef74ce858c8e0a6', version='babel-preset-react-app@5.0.3'} 	https://github.com/facebook/create-react-app/commit/ba5be535a22de0fdf7c369faeef74ce858c8e0a6
CommitInfo{repo='GitHub', hash='17b8f5a165ddf1fb55c862dbb558236dd785ef8f', version='babel-preset-react-app@6.0.0'} 	https://github.com/facebook/create-react-app/commit/17b8f5a165ddf1fb55c862dbb558236dd785ef8f
CommitInfo{repo='GitHub', hash='96cb887a31de8033b9c9edca5bfac55d13390c85', version='babel-preset-react-app@6.1.0'} 	https://github.com/facebook/create-react-app/commit/96cb887a31de8033b9c9edca5bfac55d13390c85
CommitInfo{repo='GitHub', hash='a278b0ac3ec1d8f4685ead3896b6e25f9155dece', version='confusing-browser-globals@1.0.2'} 	https://github.com/facebook/create-react-app/commit/a278b0ac3ec1d8f4685ead3896b6e25f9155dece
CommitInfo{repo='GitHub', hash='a278b0ac3ec1d8f4685ead3896b6e25f9155dece', version='confusing-browser-globals@1.0.2'} 	https://github.com/facebook/create-react-app/commit/a278b0ac3ec1d8f4685ead3896b6e25f9155dece
CommitInfo{repo='GitHub', hash='1d57102a45d2ff064e15afc93cb2d045bce572e4', version='confusing-browser-globals@1.0.3'} 	https://github.com/facebook/create-react-app/commit/1d57102a45d2ff064e15afc93cb2d045bce572e4
CommitInfo{repo='GitHub', hash='6fd2f87d72a916e4d763d39ec60761071c0757cc', version='confusing-browser-globals@1.0.5'} 	https://github.com/facebook/create-react-app/commit/6fd2f87d72a916e4d763d39ec60761071c0757cc
CommitInfo{repo='GitHub', hash='7ac8777ed1cebec6084a03e84272cfd21128b356', version='create-react-app@0.5.0'} 	https://github.com/facebook/create-react-app/commit/7ac8777ed1cebec6084a03e84272cfd21128b356
CommitInfo{repo='GitHub', hash='eba2730cbafdb05623f8966846437f9aae7752a4', version='create-react-app@0.5.1'} 	https://github.com/facebook/create-react-app/commit/eba2730cbafdb05623f8966846437f9aae7752a4
CommitInfo{repo='GitHub', hash='a5f760bab9b1876df13ac4345a4b42655fec46fa', version='create-react-app@0.6.0'} 	https://github.com/facebook/create-react-app/commit/a5f760bab9b1876df13ac4345a4b42655fec46fa
CommitInfo{repo='GitHub', hash='5ee027d638a582b2f1d47c35b4bc1d4c9f134737', version='create-react-app@0.7.0'} 	https://github.com/facebook/create-react-app/commit/5ee027d638a582b2f1d47c35b4bc1d4c9f134737
CommitInfo{repo='GitHub', hash='b57d8711b0df0cebe6230685238442901ff44c65', version='create-react-app@1.0.0'} 	https://github.com/facebook/create-react-app/commit/b57d8711b0df0cebe6230685238442901ff44c65
CommitInfo{repo='GitHub', hash='e7d71bd574b893ebace06b8111d20fcd466d5d69', version='create-react-app@1.0.1'} 	https://github.com/facebook/create-react-app/commit/e7d71bd574b893ebace06b8111d20fcd466d5d69
CommitInfo{repo='GitHub', hash='96f4be9b75e5909ac222a960137a5a2506fbf2e4', version='create-react-app@1.0.2'} 	https://github.com/facebook/create-react-app/commit/96f4be9b75e5909ac222a960137a5a2506fbf2e4
CommitInfo{repo='GitHub', hash='a5b838940eeed1d214b89601268ccf6323e3f968', version='create-react-app@1.0.3'} 	https://github.com/facebook/create-react-app/commit/a5b838940eeed1d214b89601268ccf6323e3f968
CommitInfo{repo='GitHub', hash='67e6cf5a529a7a7a020e50d11dceca789901bae7', version='create-react-app@1.0.4'} 	https://github.com/facebook/create-react-app/commit/67e6cf5a529a7a7a020e50d11dceca789901bae7
CommitInfo{repo='GitHub', hash='9e2624f332eea9032051dceb95eebfad5c158561', version='create-react-app@1.1.0'} 	https://github.com/facebook/create-react-app/commit/9e2624f332eea9032051dceb95eebfad5c158561
CommitInfo{repo='GitHub', hash='aaf1e819014c501b2e786738be5b6f9ea8a214fb', version='create-react-app@1.2.0'} 	https://github.com/facebook/create-react-app/commit/aaf1e819014c501b2e786738be5b6f9ea8a214fb
CommitInfo{repo='GitHub', hash='aaf1e819014c501b2e786738be5b6f9ea8a214fb', version='create-react-app@1.2.0'} 	https://github.com/facebook/create-react-app/commit/aaf1e819014c501b2e786738be5b6f9ea8a214fb
CommitInfo{repo='GitHub', hash='422847bd7d9a7ec0a77a5eb01a0c9e65ff158f5a', version='create-react-app@1.3.0'} 	https://github.com/facebook/create-react-app/commit/422847bd7d9a7ec0a77a5eb01a0c9e65ff158f5a
CommitInfo{repo='GitHub', hash='422847bd7d9a7ec0a77a5eb01a0c9e65ff158f5a', version='create-react-app@1.3.0'} 	https://github.com/facebook/create-react-app/commit/422847bd7d9a7ec0a77a5eb01a0c9e65ff158f5a
CommitInfo{repo='GitHub', hash='bf9eca25f519c73f69cff20ac49ce9500e578fe0', version='create-react-app@1.3.1'} 	https://github.com/facebook/create-react-app/commit/bf9eca25f519c73f69cff20ac49ce9500e578fe0
CommitInfo{repo='GitHub', hash='7796c94d79519f1632b89739040c154b5b66176a', version='create-react-app@1.3.2'} 	https://github.com/facebook/create-react-app/commit/7796c94d79519f1632b89739040c154b5b66176a
CommitInfo{repo='GitHub', hash='7796c94d79519f1632b89739040c154b5b66176a', version='create-react-app@1.3.2'} 	https://github.com/facebook/create-react-app/commit/7796c94d79519f1632b89739040c154b5b66176a
CommitInfo{repo='GitHub', hash='314a1ed538941727c81f378f5030ccb06962a9d1', version='create-react-app@1.3.3'} 	https://github.com/facebook/create-react-app/commit/314a1ed538941727c81f378f5030ccb06962a9d1
CommitInfo{repo='GitHub', hash='e72e8c0a03c23c1b6ef5935b1c8e63261d416d89', version='create-react-app@1.4.1'} 	https://github.com/facebook/create-react-app/commit/e72e8c0a03c23c1b6ef5935b1c8e63261d416d89
CommitInfo{repo='GitHub', hash='84a0b18acfe9638bff6f89cc7ff3aa04e9e66016', version='create-react-app@1.4.2'} 	https://github.com/facebook/create-react-app/commit/84a0b18acfe9638bff6f89cc7ff3aa04e9e66016
CommitInfo{repo='GitHub', hash='09668606d01aa5155247621fe7265923ba41d7e3', version='create-react-app@1.4.3'} 	https://github.com/facebook/create-react-app/commit/09668606d01aa5155247621fe7265923ba41d7e3
CommitInfo{repo='GitHub', hash='5d459b95ca908669ee5ad35ff354dc3ff8203a8b', version='create-react-app@1.5.0'} 	https://github.com/facebook/create-react-app/commit/5d459b95ca908669ee5ad35ff354dc3ff8203a8b
CommitInfo{repo='GitHub', hash='dd5579293f9789d201eac413e4b4abff0b7b03d2', version='create-react-app@1.5.2'} 	https://github.com/facebook/create-react-app/commit/dd5579293f9789d201eac413e4b4abff0b7b03d2
CommitInfo{repo='GitHub', hash='fc3927b11c13115e343899cd46d4f741be235c01', version='create-react-app@2.0.1'} 	https://github.com/facebook/create-react-app/commit/fc3927b11c13115e343899cd46d4f741be235c01
CommitInfo{repo='GitHub', hash='3db75491c5f286f0bbf8c58903eb1a38317055d4', version='create-react-app@2.0.2'} 	https://github.com/facebook/create-react-app/commit/3db75491c5f286f0bbf8c58903eb1a38317055d4
CommitInfo{repo='GitHub', hash='3db75491c5f286f0bbf8c58903eb1a38317055d4', version='create-react-app@2.0.2'} 	https://github.com/facebook/create-react-app/commit/3db75491c5f286f0bbf8c58903eb1a38317055d4
CommitInfo{repo='GitHub', hash='c7c7180015fcc919b81fb56060316ccb492568a6', version='create-react-app@2.0.3'} 	https://github.com/facebook/create-react-app/commit/c7c7180015fcc919b81fb56060316ccb492568a6
CommitInfo{repo='GitHub', hash='e78a08140c2a749f4d7a36053551fdcb4779382a', version='create-react-app@2.1.0'} 	https://github.com/facebook/create-react-app/commit/e78a08140c2a749f4d7a36053551fdcb4779382a
CommitInfo{repo='GitHub', hash='142c56b4504e7d1e0146814ae9bbea61b4524840', version='create-react-app@2.1.1'} 	https://github.com/facebook/create-react-app/commit/142c56b4504e7d1e0146814ae9bbea61b4524840
CommitInfo{repo='GitHub', hash='7ac8777ed1cebec6084a03e84272cfd21128b356', version='eslint-config-react-app@0.2.1'} 	https://github.com/facebook/create-react-app/commit/7ac8777ed1cebec6084a03e84272cfd21128b356
CommitInfo{repo='GitHub', hash='eba2730cbafdb05623f8966846437f9aae7752a4', version='eslint-config-react-app@0.3.0'} 	https://github.com/facebook/create-react-app/commit/eba2730cbafdb05623f8966846437f9aae7752a4
CommitInfo{repo='GitHub', hash='5ee027d638a582b2f1d47c35b4bc1d4c9f134737', version='eslint-config-react-app@0.4.0'} 	https://github.com/facebook/create-react-app/commit/5ee027d638a582b2f1d47c35b4bc1d4c9f134737
CommitInfo{repo='GitHub', hash='67e6cf5a529a7a7a020e50d11dceca789901bae7', version='eslint-config-react-app@0.5.1'} 	https://github.com/facebook/create-react-app/commit/67e6cf5a529a7a7a020e50d11dceca789901bae7
CommitInfo{repo='GitHub', hash='9e2624f332eea9032051dceb95eebfad5c158561', version='eslint-config-react-app@0.5.2'} 	https://github.com/facebook/create-react-app/commit/9e2624f332eea9032051dceb95eebfad5c158561
CommitInfo{repo='GitHub', hash='422847bd7d9a7ec0a77a5eb01a0c9e65ff158f5a', version='eslint-config-react-app@0.6.1'} 	https://github.com/facebook/create-react-app/commit/422847bd7d9a7ec0a77a5eb01a0c9e65ff158f5a
CommitInfo{repo='GitHub', hash='9b237625d553e4f01f31704a42440d50b48314ed', version='eslint-config-react-app@0.6.2'} 	https://github.com/facebook/create-react-app/commit/9b237625d553e4f01f31704a42440d50b48314ed
CommitInfo{repo='GitHub', hash='9b237625d553e4f01f31704a42440d50b48314ed', version='eslint-config-react-app@0.6.2'} 	https://github.com/facebook/create-react-app/commit/9b237625d553e4f01f31704a42440d50b48314ed
CommitInfo{repo='GitHub', hash='bf9eca25f519c73f69cff20ac49ce9500e578fe0', version='eslint-config-react-app@1.0.0'} 	https://github.com/facebook/create-react-app/commit/bf9eca25f519c73f69cff20ac49ce9500e578fe0
CommitInfo{repo='GitHub', hash='cd5c6d5717edf4b002d9601c787651d857583ffb', version='eslint-config-react-app@1.0.1'} 	https://github.com/facebook/create-react-app/commit/cd5c6d5717edf4b002d9601c787651d857583ffb
CommitInfo{repo='GitHub', hash='d649b8a0de6e94822f60a38637f41ef9efa90b31', version='eslint-config-react-app@1.0.2'} 	https://github.com/facebook/create-react-app/commit/d649b8a0de6e94822f60a38637f41ef9efa90b31
CommitInfo{repo='GitHub', hash='ad00bd74784366ba491a64cff6588dbc4f399972', version='eslint-config-react-app@1.0.3'} 	https://github.com/facebook/create-react-app/commit/ad00bd74784366ba491a64cff6588dbc4f399972
CommitInfo{repo='GitHub', hash='ad00bd74784366ba491a64cff6588dbc4f399972', version='eslint-config-react-app@1.0.3'} 	https://github.com/facebook/create-react-app/commit/ad00bd74784366ba491a64cff6588dbc4f399972
CommitInfo{repo='GitHub', hash='7a1873c0a788b4d7e7719e7469d4d67d6fc8a87c', version='eslint-config-react-app@1.0.4'} 	https://github.com/facebook/create-react-app/commit/7a1873c0a788b4d7e7719e7469d4d67d6fc8a87c
CommitInfo{repo='GitHub', hash='7796c94d79519f1632b89739040c154b5b66176a', version='eslint-config-react-app@1.0.5'} 	https://github.com/facebook/create-react-app/commit/7796c94d79519f1632b89739040c154b5b66176a
CommitInfo{repo='GitHub', hash='7796c94d79519f1632b89739040c154b5b66176a', version='eslint-config-react-app@1.0.5'} 	https://github.com/facebook/create-react-app/commit/7796c94d79519f1632b89739040c154b5b66176a
CommitInfo{repo='GitHub', hash='bf88d1feee10ba93beb1533261223580cfc0d8f6', version='eslint-config-react-app@2.0.1'} 	https://github.com/facebook/create-react-app/commit/bf88d1feee10ba93beb1533261223580cfc0d8f6
CommitInfo{repo='GitHub', hash='cba01f422e52ef6d775bd5e994e457b5651ac8b1', version='eslint-config-react-app@2.1.0'} 	https://github.com/facebook/create-react-app/commit/cba01f422e52ef6d775bd5e994e457b5651ac8b1
CommitInfo{repo='GitHub', hash='bd1020a6a29bf8f02d726e196feb67a0e7f65dbb', version='eslint-config-react-app@3.0.1'} 	https://github.com/facebook/create-react-app/commit/bd1020a6a29bf8f02d726e196feb67a0e7f65dbb
CommitInfo{repo='GitHub', hash='bd1020a6a29bf8f02d726e196feb67a0e7f65dbb', version='eslint-config-react-app@3.0.1'} 	https://github.com/facebook/create-react-app/commit/bd1020a6a29bf8f02d726e196feb67a0e7f65dbb
CommitInfo{repo='GitHub', hash='bd1b9fa95ce658f9ca143c821f29a8e44deae53a', version='eslint-config-react-app@3.0.2'} 	https://github.com/facebook/create-react-app/commit/bd1b9fa95ce658f9ca143c821f29a8e44deae53a
CommitInfo{repo='GitHub', hash='57c943e81e33ae099c3800fa56a3fc0a3bccabf6', version='eslint-config-react-app@3.0.3'} 	https://github.com/facebook/create-react-app/commit/57c943e81e33ae099c3800fa56a3fc0a3bccabf6
CommitInfo{repo='GitHub', hash='05e90b49c9fb6160848d2a635fb4efd070f968f1', version='eslint-config-react-app@3.0.5'} 	https://github.com/facebook/create-react-app/commit/05e90b49c9fb6160848d2a635fb4efd070f968f1
CommitInfo{repo='GitHub', hash='b9796ba3a07a483135ab650849e24d5887d7a0e7', version='react-app-polyfill@0.1.2'} 	https://github.com/facebook/create-react-app/commit/b9796ba3a07a483135ab650849e24d5887d7a0e7
CommitInfo{repo='GitHub', hash='5bfde9256801bc9859b857135c66fea3dd60359a', version='react-app-polyfill@0.1.3'} 	https://github.com/facebook/create-react-app/commit/5bfde9256801bc9859b857135c66fea3dd60359a
CommitInfo{repo='GitHub', hash='5bfde9256801bc9859b857135c66fea3dd60359a', version='react-app-polyfill@0.1.3'} 	https://github.com/facebook/create-react-app/commit/5bfde9256801bc9859b857135c66fea3dd60359a
CommitInfo{repo='GitHub', hash='7ac8777ed1cebec6084a03e84272cfd21128b356', version='react-dev-utils@0.1.0'} 	https://github.com/facebook/create-react-app/commit/7ac8777ed1cebec6084a03e84272cfd21128b356
CommitInfo{repo='GitHub', hash='dc6074abbc7ada0bb19b8828dddadfc25b4bd06b', version='react-dev-utils@0.2.1'} 	https://github.com/facebook/create-react-app/commit/dc6074abbc7ada0bb19b8828dddadfc25b4bd06b
CommitInfo{repo='GitHub', hash='eba2730cbafdb05623f8966846437f9aae7752a4', version='react-dev-utils@0.2.2'} 	https://github.com/facebook/create-react-app/commit/eba2730cbafdb05623f8966846437f9aae7752a4
CommitInfo{repo='GitHub', hash='a5f760bab9b1876df13ac4345a4b42655fec46fa', version='react-dev-utils@0.3.0'} 	https://github.com/facebook/create-react-app/commit/a5f760bab9b1876df13ac4345a4b42655fec46fa
CommitInfo{repo='GitHub', hash='5ee027d638a582b2f1d47c35b4bc1d4c9f134737', version='react-dev-utils@0.4.0'} 	https://github.com/facebook/create-react-app/commit/5ee027d638a582b2f1d47c35b4bc1d4c9f134737
CommitInfo{repo='GitHub', hash='96f4be9b75e5909ac222a960137a5a2506fbf2e4', version='react-dev-utils@0.4.2'} 	https://github.com/facebook/create-react-app/commit/96f4be9b75e5909ac222a960137a5a2506fbf2e4
CommitInfo{repo='GitHub', hash='67e6cf5a529a7a7a020e50d11dceca789901bae7', version='react-dev-utils@0.5.0'} 	https://github.com/facebook/create-react-app/commit/67e6cf5a529a7a7a020e50d11dceca789901bae7
CommitInfo{repo='GitHub', hash='9e2624f332eea9032051dceb95eebfad5c158561', version='react-dev-utils@0.5.1'} 	https://github.com/facebook/create-react-app/commit/9e2624f332eea9032051dceb95eebfad5c158561
CommitInfo{repo='GitHub', hash='422847bd7d9a7ec0a77a5eb01a0c9e65ff158f5a', version='react-dev-utils@0.5.2'} 	https://github.com/facebook/create-react-app/commit/422847bd7d9a7ec0a77a5eb01a0c9e65ff158f5a
CommitInfo{repo='GitHub', hash='bf9eca25f519c73f69cff20ac49ce9500e578fe0', version='react-dev-utils@1.0.0'} 	https://github.com/facebook/create-react-app/commit/bf9eca25f519c73f69cff20ac49ce9500e578fe0
CommitInfo{repo='GitHub', hash='cd5c6d5717edf4b002d9601c787651d857583ffb', version='react-dev-utils@1.0.1'} 	https://github.com/facebook/create-react-app/commit/cd5c6d5717edf4b002d9601c787651d857583ffb
CommitInfo{repo='GitHub', hash='ae0cb23dc927e1d47c026b8d801cb2a2328822e9', version='react-dev-utils@1.0.2'} 	https://github.com/facebook/create-react-app/commit/ae0cb23dc927e1d47c026b8d801cb2a2328822e9
CommitInfo{repo='GitHub', hash='d649b8a0de6e94822f60a38637f41ef9efa90b31', version='react-dev-utils@1.0.3'} 	https://github.com/facebook/create-react-app/commit/d649b8a0de6e94822f60a38637f41ef9efa90b31
CommitInfo{repo='GitHub', hash='ad00bd74784366ba491a64cff6588dbc4f399972', version='react-dev-utils@2.0.0'} 	https://github.com/facebook/create-react-app/commit/ad00bd74784366ba491a64cff6588dbc4f399972
CommitInfo{repo='GitHub', hash='ad00bd74784366ba491a64cff6588dbc4f399972', version='react-dev-utils@2.0.0'} 	https://github.com/facebook/create-react-app/commit/ad00bd74784366ba491a64cff6588dbc4f399972
CommitInfo{repo='GitHub', hash='7a1873c0a788b4d7e7719e7469d4d67d6fc8a87c', version='react-dev-utils@2.0.1'} 	https://github.com/facebook/create-react-app/commit/7a1873c0a788b4d7e7719e7469d4d67d6fc8a87c
CommitInfo{repo='GitHub', hash='58d8c5c05cc90d9286beb6b4200f5ac1918a8910', version='react-dev-utils@3.0.0'} 	https://github.com/facebook/create-react-app/commit/58d8c5c05cc90d9286beb6b4200f5ac1918a8910
CommitInfo{repo='GitHub', hash='7796c94d79519f1632b89739040c154b5b66176a', version='react-dev-utils@3.0.1'} 	https://github.com/facebook/create-react-app/commit/7796c94d79519f1632b89739040c154b5b66176a
CommitInfo{repo='GitHub', hash='7796c94d79519f1632b89739040c154b5b66176a', version='react-dev-utils@3.0.1'} 	https://github.com/facebook/create-react-app/commit/7796c94d79519f1632b89739040c154b5b66176a
CommitInfo{repo='GitHub', hash='676341de377684c355d2078ebfe1df1331920d75', version='react-dev-utils@3.0.2'} 	https://github.com/facebook/create-react-app/commit/676341de377684c355d2078ebfe1df1331920d75
CommitInfo{repo='GitHub', hash='17d2d95458ccd8911b2d4cab1a89d22a5ad4d1e5', version='react-dev-utils@4.0.0'} 	https://github.com/facebook/create-react-app/commit/17d2d95458ccd8911b2d4cab1a89d22a5ad4d1e5
CommitInfo{repo='GitHub', hash='8e6dae576d8ba345e0236df4c318c136b7cc0f16', version='react-dev-utils@4.0.1'} 	https://github.com/facebook/create-react-app/commit/8e6dae576d8ba345e0236df4c318c136b7cc0f16
CommitInfo{repo='GitHub', hash='970324bce75de966ebdb59cad199020ce3e9e25d', version='react-dev-utils@4.1.0'} 	https://github.com/facebook/create-react-app/commit/970324bce75de966ebdb59cad199020ce3e9e25d
CommitInfo{repo='GitHub', hash='aaebc83f76414aace97c52c76bb76da8e737d164', version='react-dev-utils@4.2.0'} 	https://github.com/facebook/create-react-app/commit/aaebc83f76414aace97c52c76bb76da8e737d164
CommitInfo{repo='GitHub', hash='e8eef1e798ecb21ce905f607aef1f72184d83148', version='react-dev-utils@4.2.1'} 	https://github.com/facebook/create-react-app/commit/e8eef1e798ecb21ce905f607aef1f72184d83148
CommitInfo{repo='GitHub', hash='29a7012f644664e256cab3ca3935b48a8198f9b3', version='react-dev-utils@5.0.0'} 	https://github.com/facebook/create-react-app/commit/29a7012f644664e256cab3ca3935b48a8198f9b3
CommitInfo{repo='GitHub', hash='5febc74ca0f3874420754dc2435ffcc89be95b13', version='react-dev-utils@5.0.1'} 	https://github.com/facebook/create-react-app/commit/5febc74ca0f3874420754dc2435ffcc89be95b13
CommitInfo{repo='GitHub', hash='d6193d80eda59fb5cffdc72793f6831b6a58619b', version='react-dev-utils@6.0.2'} 	https://github.com/facebook/create-react-app/commit/d6193d80eda59fb5cffdc72793f6831b6a58619b
CommitInfo{repo='GitHub', hash='d6193d80eda59fb5cffdc72793f6831b6a58619b', version='react-dev-utils@6.0.2'} 	https://github.com/facebook/create-react-app/commit/d6193d80eda59fb5cffdc72793f6831b6a58619b
CommitInfo{repo='GitHub', hash='d6193d80eda59fb5cffdc72793f6831b6a58619b', version='react-dev-utils@6.0.2'} 	https://github.com/facebook/create-react-app/commit/d6193d80eda59fb5cffdc72793f6831b6a58619b
CommitInfo{repo='GitHub', hash='2c315e062eefe3cdcd529003c88cb17988444edc', version='react-dev-utils@6.0.3'} 	https://github.com/facebook/create-react-app/commit/2c315e062eefe3cdcd529003c88cb17988444edc
CommitInfo{repo='GitHub', hash='3876607844553065e158cf2df298c780fc4ed94d', version='react-dev-utils@6.0.4'} 	https://github.com/facebook/create-react-app/commit/3876607844553065e158cf2df298c780fc4ed94d
CommitInfo{repo='GitHub', hash='448a635ee2211b3be8a87f3b1f644d0202dab1ad', version='react-dev-utils@6.1.0'} 	https://github.com/facebook/create-react-app/commit/448a635ee2211b3be8a87f3b1f644d0202dab1ad
CommitInfo{repo='GitHub', hash='ced7e2fe0d639bb5d61df7254178111f64d8ef4e', version='react-dev-utils@6.1.1'} 	https://github.com/facebook/create-react-app/commit/ced7e2fe0d639bb5d61df7254178111f64d8ef4e
CommitInfo{repo='GitHub', hash='ced7e2fe0d639bb5d61df7254178111f64d8ef4e', version='react-dev-utils@6.1.1'} 	https://github.com/facebook/create-react-app/commit/ced7e2fe0d639bb5d61df7254178111f64d8ef4e
CommitInfo{repo='GitHub', hash='bf9eca25f519c73f69cff20ac49ce9500e578fe0', version='react-error-overlay@1.0.0'} 	https://github.com/facebook/create-react-app/commit/bf9eca25f519c73f69cff20ac49ce9500e578fe0
CommitInfo{repo='GitHub', hash='cd5c6d5717edf4b002d9601c787651d857583ffb', version='react-error-overlay@1.0.1'} 	https://github.com/facebook/create-react-app/commit/cd5c6d5717edf4b002d9601c787651d857583ffb
CommitInfo{repo='GitHub', hash='ae0cb23dc927e1d47c026b8d801cb2a2328822e9', version='react-error-overlay@1.0.2'} 	https://github.com/facebook/create-react-app/commit/ae0cb23dc927e1d47c026b8d801cb2a2328822e9
CommitInfo{repo='GitHub', hash='d649b8a0de6e94822f60a38637f41ef9efa90b31', version='react-error-overlay@1.0.3'} 	https://github.com/facebook/create-react-app/commit/d649b8a0de6e94822f60a38637f41ef9efa90b31
CommitInfo{repo='GitHub', hash='7e25c9a6046fe057d3b4cc2eae20a0661d0273f3', version='react-error-overlay@1.0.4'} 	https://github.com/facebook/create-react-app/commit/7e25c9a6046fe057d3b4cc2eae20a0661d0273f3
CommitInfo{repo='GitHub', hash='ad00bd74784366ba491a64cff6588dbc4f399972', version='react-error-overlay@1.0.5'} 	https://github.com/facebook/create-react-app/commit/ad00bd74784366ba491a64cff6588dbc4f399972
CommitInfo{repo='GitHub', hash='ad00bd74784366ba491a64cff6588dbc4f399972', version='react-error-overlay@1.0.5'} 	https://github.com/facebook/create-react-app/commit/ad00bd74784366ba491a64cff6588dbc4f399972
CommitInfo{repo='GitHub', hash='7a1873c0a788b4d7e7719e7469d4d67d6fc8a87c', version='react-error-overlay@1.0.6'} 	https://github.com/facebook/create-react-app/commit/7a1873c0a788b4d7e7719e7469d4d67d6fc8a87c
CommitInfo{repo='GitHub', hash='58d8c5c05cc90d9286beb6b4200f5ac1918a8910', version='react-error-overlay@1.0.7'} 	https://github.com/facebook/create-react-app/commit/58d8c5c05cc90d9286beb6b4200f5ac1918a8910
CommitInfo{repo='GitHub', hash='7796c94d79519f1632b89739040c154b5b66176a', version='react-error-overlay@1.0.8'} 	https://github.com/facebook/create-react-app/commit/7796c94d79519f1632b89739040c154b5b66176a
CommitInfo{repo='GitHub', hash='7796c94d79519f1632b89739040c154b5b66176a', version='react-error-overlay@1.0.8'} 	https://github.com/facebook/create-react-app/commit/7796c94d79519f1632b89739040c154b5b66176a
CommitInfo{repo='GitHub', hash='08395ee94175acda18b9c9571c20aafd1e038353', version='react-error-overlay@1.0.9'} 	https://github.com/facebook/create-react-app/commit/08395ee94175acda18b9c9571c20aafd1e038353
CommitInfo{repo='GitHub', hash='2c17ab392bd00d6fbf2c219ec840272d53e368f2', version='react-error-overlay@2.0.0'} 	https://github.com/facebook/create-react-app/commit/2c17ab392bd00d6fbf2c219ec840272d53e368f2
CommitInfo{repo='GitHub', hash='2c17ab392bd00d6fbf2c219ec840272d53e368f2', version='react-error-overlay@2.0.0'} 	https://github.com/facebook/create-react-app/commit/2c17ab392bd00d6fbf2c219ec840272d53e368f2
CommitInfo{repo='GitHub', hash='9343970b69d57d66d7ec67bf0f4e38fefc51d3aa', version='react-error-overlay@2.0.1'} 	https://github.com/facebook/create-react-app/commit/9343970b69d57d66d7ec67bf0f4e38fefc51d3aa
CommitInfo{repo='GitHub', hash='36c0de5c98bf1ebe1c56d4d32d3296e54861d9f6', version='react-error-overlay@2.0.2'} 	https://github.com/facebook/create-react-app/commit/36c0de5c98bf1ebe1c56d4d32d3296e54861d9f6
CommitInfo{repo='GitHub', hash='fae1d8939fb4b8904af77c84655b9a2571f00144', version='react-error-overlay@3.0.0'} 	https://github.com/facebook/create-react-app/commit/fae1d8939fb4b8904af77c84655b9a2571f00144
CommitInfo{repo='GitHub', hash='7236470bd262809c8133c68846d3c198f80c85e2', version='react-error-overlay@4.0.0'} 	https://github.com/facebook/create-react-app/commit/7236470bd262809c8133c68846d3c198f80c85e2
CommitInfo{repo='GitHub', hash='60dc9821e09baf5b21d8d4a2fa0f61585f92227d', version='react-error-overlay@5.0.2'} 	https://github.com/facebook/create-react-app/commit/60dc9821e09baf5b21d8d4a2fa0f61585f92227d
CommitInfo{repo='GitHub', hash='4dcb0396e734abb9a15cce955535d48908570df5', version='react-error-overlay@5.0.3'} 	https://github.com/facebook/create-react-app/commit/4dcb0396e734abb9a15cce955535d48908570df5
CommitInfo{repo='GitHub', hash='876192894fab8ade8f5a56d9ae1d1048d6acce39', version='react-error-overlay@5.0.4'} 	https://github.com/facebook/create-react-app/commit/876192894fab8ade8f5a56d9ae1d1048d6acce39
CommitInfo{repo='GitHub', hash='e958919702d7f5c1ae170feb0ac66ef1e7c19025', version='react-error-overlay@5.0.6'} 	https://github.com/facebook/create-react-app/commit/e958919702d7f5c1ae170feb0ac66ef1e7c19025
CommitInfo{repo='GitHub', hash='fc3efec52cb055fbfc3b04daf476d6f20ea4ad3b', version='react-error-overlay@5.1.0'} 	https://github.com/facebook/create-react-app/commit/fc3efec52cb055fbfc3b04daf476d6f20ea4ad3b
CommitInfo{repo='GitHub', hash='7ac8777ed1cebec6084a03e84272cfd21128b356', version='react-scripts@0.5.0'} 	https://github.com/facebook/create-react-app/commit/7ac8777ed1cebec6084a03e84272cfd21128b356
CommitInfo{repo='GitHub', hash='dc6074abbc7ada0bb19b8828dddadfc25b4bd06b', version='react-scripts@0.6.1'} 	https://github.com/facebook/create-react-app/commit/dc6074abbc7ada0bb19b8828dddadfc25b4bd06b
CommitInfo{repo='GitHub', hash='eba2730cbafdb05623f8966846437f9aae7752a4', version='react-scripts@0.7.0'} 	https://github.com/facebook/create-react-app/commit/eba2730cbafdb05623f8966846437f9aae7752a4
CommitInfo{repo='GitHub', hash='5ee027d638a582b2f1d47c35b4bc1d4c9f134737', version='react-scripts@0.8.0'} 	https://github.com/facebook/create-react-app/commit/5ee027d638a582b2f1d47c35b4bc1d4c9f134737
CommitInfo{repo='GitHub', hash='b844e4e878603edb8ed11cbb81775a1548e2d754', version='react-scripts@0.8.1'} 	https://github.com/facebook/create-react-app/commit/b844e4e878603edb8ed11cbb81775a1548e2d754
CommitInfo{repo='GitHub', hash='49414d6ba01bcdeef190df66c5962ed9ff12be51', version='react-scripts@0.8.2'} 	https://github.com/facebook/create-react-app/commit/49414d6ba01bcdeef190df66c5962ed9ff12be51
CommitInfo{repo='GitHub', hash='e7d71bd574b893ebace06b8111d20fcd466d5d69', version='react-scripts@0.8.3'} 	https://github.com/facebook/create-react-app/commit/e7d71bd574b893ebace06b8111d20fcd466d5d69
CommitInfo{repo='GitHub', hash='96f4be9b75e5909ac222a960137a5a2506fbf2e4', version='react-scripts@0.8.4'} 	https://github.com/facebook/create-react-app/commit/96f4be9b75e5909ac222a960137a5a2506fbf2e4
CommitInfo{repo='GitHub', hash='a5b838940eeed1d214b89601268ccf6323e3f968', version='react-scripts@0.8.5'} 	https://github.com/facebook/create-react-app/commit/a5b838940eeed1d214b89601268ccf6323e3f968
CommitInfo{repo='GitHub', hash='67e6cf5a529a7a7a020e50d11dceca789901bae7', version='react-scripts@0.9.0'} 	https://github.com/facebook/create-react-app/commit/67e6cf5a529a7a7a020e50d11dceca789901bae7
CommitInfo{repo='GitHub', hash='9e2624f332eea9032051dceb95eebfad5c158561', version='react-scripts@0.9.1'} 	https://github.com/facebook/create-react-app/commit/9e2624f332eea9032051dceb95eebfad5c158561
CommitInfo{repo='GitHub', hash='aaf1e819014c501b2e786738be5b6f9ea8a214fb', version='react-scripts@0.9.3'} 	https://github.com/facebook/create-react-app/commit/aaf1e819014c501b2e786738be5b6f9ea8a214fb
CommitInfo{repo='GitHub', hash='422847bd7d9a7ec0a77a5eb01a0c9e65ff158f5a', version='react-scripts@0.9.4'} 	https://github.com/facebook/create-react-app/commit/422847bd7d9a7ec0a77a5eb01a0c9e65ff158f5a
CommitInfo{repo='GitHub', hash='9b237625d553e4f01f31704a42440d50b48314ed', version='react-scripts@0.9.5'} 	https://github.com/facebook/create-react-app/commit/9b237625d553e4f01f31704a42440d50b48314ed
CommitInfo{repo='GitHub', hash='bf9eca25f519c73f69cff20ac49ce9500e578fe0', version='react-scripts@1.0.0'} 	https://github.com/facebook/create-react-app/commit/bf9eca25f519c73f69cff20ac49ce9500e578fe0
CommitInfo{repo='GitHub', hash='cd5c6d5717edf4b002d9601c787651d857583ffb', version='react-scripts@1.0.1'} 	https://github.com/facebook/create-react-app/commit/cd5c6d5717edf4b002d9601c787651d857583ffb
CommitInfo{repo='GitHub', hash='3db16b0ec2476d8a3f931d989085cd78c243aefc', version='react-scripts@1.0.10'} 	https://github.com/facebook/create-react-app/commit/3db16b0ec2476d8a3f931d989085cd78c243aefc
CommitInfo{repo='GitHub', hash='2a69ffcc993cbf1d0d8248ecfb2771620c07cf51', version='react-scripts@1.0.12'} 	https://github.com/facebook/create-react-app/commit/2a69ffcc993cbf1d0d8248ecfb2771620c07cf51
CommitInfo{repo='GitHub', hash='b7caa5ca2073a0c1e6e6bf7bcdd603f8bb54321a', version='react-scripts@1.0.13'} 	https://github.com/facebook/create-react-app/commit/b7caa5ca2073a0c1e6e6bf7bcdd603f8bb54321a
CommitInfo{repo='GitHub', hash='e6f1902ed031fc369558ec5a85d696f263c9f5ad', version='react-scripts@1.0.14'} 	https://github.com/facebook/create-react-app/commit/e6f1902ed031fc369558ec5a85d696f263c9f5ad
CommitInfo{repo='GitHub', hash='8455ba451557c9cd7d6e12419ff93a57c4ce63a0', version='react-scripts@1.0.15'} 	https://github.com/facebook/create-react-app/commit/8455ba451557c9cd7d6e12419ff93a57c4ce63a0
CommitInfo{repo='GitHub', hash='897bca63d6e5410a01341742364c53f8c5a61722', version='react-scripts@1.0.16'} 	https://github.com/facebook/create-react-app/commit/897bca63d6e5410a01341742364c53f8c5a61722
CommitInfo{repo='GitHub', hash='f1a0a438e34d8da13b59d064ed5e9f2d8e097b62', version='react-scripts@1.0.17'} 	https://github.com/facebook/create-react-app/commit/f1a0a438e34d8da13b59d064ed5e9f2d8e097b62
CommitInfo{repo='GitHub', hash='ae0cb23dc927e1d47c026b8d801cb2a2328822e9', version='react-scripts@1.0.2'} 	https://github.com/facebook/create-react-app/commit/ae0cb23dc927e1d47c026b8d801cb2a2328822e9
CommitInfo{repo='GitHub', hash='d649b8a0de6e94822f60a38637f41ef9efa90b31', version='react-scripts@1.0.3'} 	https://github.com/facebook/create-react-app/commit/d649b8a0de6e94822f60a38637f41ef9efa90b31
CommitInfo{repo='GitHub', hash='7e25c9a6046fe057d3b4cc2eae20a0661d0273f3', version='react-scripts@1.0.4'} 	https://github.com/facebook/create-react-app/commit/7e25c9a6046fe057d3b4cc2eae20a0661d0273f3
CommitInfo{repo='GitHub', hash='ad00bd74784366ba491a64cff6588dbc4f399972', version='react-scripts@1.0.5'} 	https://github.com/facebook/create-react-app/commit/ad00bd74784366ba491a64cff6588dbc4f399972
CommitInfo{repo='GitHub', hash='ad00bd74784366ba491a64cff6588dbc4f399972', version='react-scripts@1.0.5'} 	https://github.com/facebook/create-react-app/commit/ad00bd74784366ba491a64cff6588dbc4f399972
CommitInfo{repo='GitHub', hash='ad00bd74784366ba491a64cff6588dbc4f399972', version='react-scripts@1.0.5'} 	https://github.com/facebook/create-react-app/commit/ad00bd74784366ba491a64cff6588dbc4f399972
CommitInfo{repo='GitHub', hash='7a1873c0a788b4d7e7719e7469d4d67d6fc8a87c', version='react-scripts@1.0.6'} 	https://github.com/facebook/create-react-app/commit/7a1873c0a788b4d7e7719e7469d4d67d6fc8a87c
CommitInfo{repo='GitHub', hash='58d8c5c05cc90d9286beb6b4200f5ac1918a8910', version='react-scripts@1.0.7'} 	https://github.com/facebook/create-react-app/commit/58d8c5c05cc90d9286beb6b4200f5ac1918a8910
CommitInfo{repo='GitHub', hash='7796c94d79519f1632b89739040c154b5b66176a', version='react-scripts@1.0.8'} 	https://github.com/facebook/create-react-app/commit/7796c94d79519f1632b89739040c154b5b66176a
CommitInfo{repo='GitHub', hash='7796c94d79519f1632b89739040c154b5b66176a', version='react-scripts@1.0.8'} 	https://github.com/facebook/create-react-app/commit/7796c94d79519f1632b89739040c154b5b66176a
CommitInfo{repo='GitHub', hash='a06f2cda269a23a7deb7b936845382155887b11b', version='react-scripts@1.0.9'} 	https://github.com/facebook/create-react-app/commit/a06f2cda269a23a7deb7b936845382155887b11b
CommitInfo{repo='GitHub', hash='5895e9ae2023c7a09ddea447129c9d24d2d6e560', version='react-scripts@1.1.0'} 	https://github.com/facebook/create-react-app/commit/5895e9ae2023c7a09ddea447129c9d24d2d6e560
CommitInfo{repo='GitHub', hash='0312e5844f37105e27897fdf97ff085dc374c11c', version='react-scripts@1.1.1'} 	https://github.com/facebook/create-react-app/commit/0312e5844f37105e27897fdf97ff085dc374c11c
CommitInfo{repo='GitHub', hash='652911f2243025ab32f6ca7f375b3c144588eedb', version='react-scripts@1.1.2'} 	https://github.com/facebook/create-react-app/commit/652911f2243025ab32f6ca7f375b3c144588eedb
CommitInfo{repo='GitHub', hash='9a8da5ebebb92244f0530e6793ea625ef8933c6c', version='react-scripts@1.1.3'} 	https://github.com/facebook/create-react-app/commit/9a8da5ebebb92244f0530e6793ea625ef8933c6c
CommitInfo{repo='GitHub', hash='9f51b4678a905b96a887deb9badba386192e4ddf', version='react-scripts@1.1.4'} 	https://github.com/facebook/create-react-app/commit/9f51b4678a905b96a887deb9badba386192e4ddf
CommitInfo{repo='GitHub', hash='3fe1eb79b6f314aadb2b2134af09ad819750ca96', version='react-scripts@2.0.0'} 	https://github.com/facebook/create-react-app/commit/3fe1eb79b6f314aadb2b2134af09ad819750ca96
CommitInfo{repo='GitHub', hash='4e9d9148195ef1850697e43866ef27dc7084c54c', version='react-scripts@2.0.1'} 	https://github.com/facebook/create-react-app/commit/4e9d9148195ef1850697e43866ef27dc7084c54c
CommitInfo{repo='GitHub', hash='39166abc7d87efa6c61b2aafc5175c31968363dc', version='react-scripts@2.0.2'} 	https://github.com/facebook/create-react-app/commit/39166abc7d87efa6c61b2aafc5175c31968363dc
CommitInfo{repo='GitHub', hash='39166abc7d87efa6c61b2aafc5175c31968363dc', version='react-scripts@2.0.2'} 	https://github.com/facebook/create-react-app/commit/39166abc7d87efa6c61b2aafc5175c31968363dc
CommitInfo{repo='GitHub', hash='39166abc7d87efa6c61b2aafc5175c31968363dc', version='react-scripts@2.0.2'} 	https://github.com/facebook/create-react-app/commit/39166abc7d87efa6c61b2aafc5175c31968363dc
CommitInfo{repo='GitHub', hash='492a1ea517b4b4d370f0758a277b59979d7c5455', version='react-scripts@2.0.3'} 	https://github.com/facebook/create-react-app/commit/492a1ea517b4b4d370f0758a277b59979d7c5455
CommitInfo{repo='GitHub', hash='e662aa7ee8526cca2b727fdbf331cc154cfb69a2', version='react-scripts@2.0.4'} 	https://github.com/facebook/create-react-app/commit/e662aa7ee8526cca2b727fdbf331cc154cfb69a2
CommitInfo{repo='GitHub', hash='bcc686add08c8431d12c52280967d85d0a1d4110', version='react-scripts@2.1.0'} 	https://github.com/facebook/create-react-app/commit/bcc686add08c8431d12c52280967d85d0a1d4110
CommitInfo{repo='GitHub', hash='acf0a3af953640b642c063f7ace8a6072747d21a', version='react-scripts@2.1.1'} 	https://github.com/facebook/create-react-app/commit/acf0a3af953640b642c063f7ace8a6072747d21a
CommitInfo{repo='GitHub', hash='acf0a3af953640b642c063f7ace8a6072747d21a', version='react-scripts@2.1.1'} 	https://github.com/facebook/create-react-app/commit/acf0a3af953640b642c063f7ace8a6072747d21a
CommitInfo{repo='GitHub', hash='11a33de544523fee00cd81d542554d942e87cc46', version='timer-react-scripts@0.7.1'} 	https://github.com/facebook/create-react-app/commit/11a33de544523fee00cd81d542554d942e87cc46
CommitInfo{repo='GitHub', hash='61178727aca4cc8e09cbe6c124350e8364214ab5', version='timer-react-scripts@0.8.2'} 	https://github.com/facebook/create-react-app/commit/61178727aca4cc8e09cbe6c124350e8364214ab5
CommitInfo{repo='GitHub', hash='9c31d4f916e69aa8e6ef4d74bab734e637bd1645', version='v0.1.0'} 	https://github.com/facebook/create-react-app/commit/9c31d4f916e69aa8e6ef4d74bab734e637bd1645
CommitInfo{repo='GitHub', hash='a5e424fa20236b589996dc211515cb2dab84dae7', version='v0.2.0'} 	https://github.com/facebook/create-react-app/commit/a5e424fa20236b589996dc211515cb2dab84dae7
CommitInfo{repo='GitHub', hash='af31719d6388206ee38d0800773a75be07fef558', version='v0.2.1'} 	https://github.com/facebook/create-react-app/commit/af31719d6388206ee38d0800773a75be07fef558
CommitInfo{repo='GitHub', hash='997b432833881474da3ef3a55447d51404523a10', version='v0.2.2'} 	https://github.com/facebook/create-react-app/commit/997b432833881474da3ef3a55447d51404523a10
CommitInfo{repo='GitHub', hash='279a71a8ee317a124c7708c03c55d2b7021a1021', version='v0.2.3'} 	https://github.com/facebook/create-react-app/commit/279a71a8ee317a124c7708c03c55d2b7021a1021
CommitInfo{repo='GitHub', hash='706dc94da33faaab3b77eeb93b5bada52d3bd8f0', version='v0.3.0'} 	https://github.com/facebook/create-react-app/commit/706dc94da33faaab3b77eeb93b5bada52d3bd8f0
CommitInfo{repo='GitHub', hash='b484e3eb65b8e83b0c34bbaf59a0799b07357fcf', version='v0.3.1'} 	https://github.com/facebook/create-react-app/commit/b484e3eb65b8e83b0c34bbaf59a0799b07357fcf
CommitInfo{repo='GitHub', hash='106267cde3159d6ca76bd7c48858111f9af0cae5', version='v0.4.0'} 	https://github.com/facebook/create-react-app/commit/106267cde3159d6ca76bd7c48858111f9af0cae5
CommitInfo{repo='GitHub', hash='4185a9d311beeb562b90e02a0c7338f628340a64', version='v0.4.1'} 	https://github.com/facebook/create-react-app/commit/4185a9d311beeb562b90e02a0c7338f628340a64
CommitInfo{repo='GitHub', hash='7d2304090ff544fd6a7baa8e355158369aa62130', version='v0.4.2'} 	https://github.com/facebook/create-react-app/commit/7d2304090ff544fd6a7baa8e355158369aa62130
CommitInfo{repo='GitHub', hash='36afd8baa76c151b6a476eaf8c4d0f1bf71b0a8c', version='v0.4.3'} 	https://github.com/facebook/create-react-app/commit/36afd8baa76c151b6a476eaf8c4d0f1bf71b0a8c
CommitInfo{repo='GitHub', hash='7ac8777ed1cebec6084a03e84272cfd21128b356', version='v0.5.0'} 	https://github.com/facebook/create-react-app/commit/7ac8777ed1cebec6084a03e84272cfd21128b356
CommitInfo{repo='GitHub', hash='12c95f313a0e0e539cf9b1d14bbbd3222a62db1c', version='v0.5.1'} 	https://github.com/facebook/create-react-app/commit/12c95f313a0e0e539cf9b1d14bbbd3222a62db1c
CommitInfo{repo='GitHub', hash='059536291e9f1deddceba55d91606593840c4843', version='v0.6.0'} 	https://github.com/facebook/create-react-app/commit/059536291e9f1deddceba55d91606593840c4843
CommitInfo{repo='GitHub', hash='dc6074abbc7ada0bb19b8828dddadfc25b4bd06b', version='v0.6.1'} 	https://github.com/facebook/create-react-app/commit/dc6074abbc7ada0bb19b8828dddadfc25b4bd06b
CommitInfo{repo='GitHub', hash='a5f760bab9b1876df13ac4345a4b42655fec46fa', version='v0.7.0'} 	https://github.com/facebook/create-react-app/commit/a5f760bab9b1876df13ac4345a4b42655fec46fa
CommitInfo{repo='GitHub', hash='0c1d49a1365fc97de556d21aba190fc6c4c877b1', version='v0.7.0-public-url'} 	https://github.com/facebook/create-react-app/commit/0c1d49a1365fc97de556d21aba190fc6c4c877b1
CommitInfo{repo='GitHub', hash='5ee027d638a582b2f1d47c35b4bc1d4c9f134737', version='v0.8.0'} 	https://github.com/facebook/create-react-app/commit/5ee027d638a582b2f1d47c35b4bc1d4c9f134737
CommitInfo{repo='GitHub', hash='b844e4e878603edb8ed11cbb81775a1548e2d754', version='v0.8.1'} 	https://github.com/facebook/create-react-app/commit/b844e4e878603edb8ed11cbb81775a1548e2d754
CommitInfo{repo='GitHub', hash='d44c0040bfaf6c4b995acf5b0178eb5c1dd8badc', version='v0.8.1-babel-fixes+public-url'} 	https://github.com/facebook/create-react-app/commit/d44c0040bfaf6c4b995acf5b0178eb5c1dd8badc
CommitInfo{repo='GitHub', hash='2d7d28cc50f6ed3185349a40991ee8ee2635dfd2', version='v0.8.1-public-url'} 	https://github.com/facebook/create-react-app/commit/2d7d28cc50f6ed3185349a40991ee8ee2635dfd2
CommitInfo{repo='GitHub', hash='49414d6ba01bcdeef190df66c5962ed9ff12be51', version='v0.8.2'} 	https://github.com/facebook/create-react-app/commit/49414d6ba01bcdeef190df66c5962ed9ff12be51
CommitInfo{repo='GitHub', hash='e7d71bd574b893ebace06b8111d20fcd466d5d69', version='v0.8.3'} 	https://github.com/facebook/create-react-app/commit/e7d71bd574b893ebace06b8111d20fcd466d5d69
CommitInfo{repo='GitHub', hash='96f4be9b75e5909ac222a960137a5a2506fbf2e4', version='v0.8.4'} 	https://github.com/facebook/create-react-app/commit/96f4be9b75e5909ac222a960137a5a2506fbf2e4
CommitInfo{repo='GitHub', hash='a5b838940eeed1d214b89601268ccf6323e3f968', version='v0.8.5'} 	https://github.com/facebook/create-react-app/commit/a5b838940eeed1d214b89601268ccf6323e3f968
CommitInfo{repo='GitHub', hash='84be4dd0bdf6155c075f9e9bee9f075d8982d0cd', version='v0.9.0'} 	https://github.com/facebook/create-react-app/commit/84be4dd0bdf6155c075f9e9bee9f075d8982d0cd
CommitInfo{repo='GitHub', hash='0ad2c725447c680d25721b53b491394d644b7bff', version='v0.9.1'} 	https://github.com/facebook/create-react-app/commit/0ad2c725447c680d25721b53b491394d644b7bff
CommitInfo{repo='GitHub', hash='fbae44aec78e8175f1caaef1f77f28d2a8afe695', version='v0.9.2'} 	https://github.com/facebook/create-react-app/commit/fbae44aec78e8175f1caaef1f77f28d2a8afe695
CommitInfo{repo='GitHub', hash='aaf1e819014c501b2e786738be5b6f9ea8a214fb', version='v0.9.3'} 	https://github.com/facebook/create-react-app/commit/aaf1e819014c501b2e786738be5b6f9ea8a214fb
CommitInfo{repo='GitHub', hash='422847bd7d9a7ec0a77a5eb01a0c9e65ff158f5a', version='v0.9.4'} 	https://github.com/facebook/create-react-app/commit/422847bd7d9a7ec0a77a5eb01a0c9e65ff158f5a
CommitInfo{repo='GitHub', hash='67d04032a3e4d8d4d44c395e7fe291e0d9a381c8', version='v0.9.5'} 	https://github.com/facebook/create-react-app/commit/67d04032a3e4d8d4d44c395e7fe291e0d9a381c8
CommitInfo{repo='GitHub', hash='bf9eca25f519c73f69cff20ac49ce9500e578fe0', version='v1.0.0'} 	https://github.com/facebook/create-react-app/commit/bf9eca25f519c73f69cff20ac49ce9500e578fe0
CommitInfo{repo='GitHub', hash='cd5c6d5717edf4b002d9601c787651d857583ffb', version='v1.0.1'} 	https://github.com/facebook/create-react-app/commit/cd5c6d5717edf4b002d9601c787651d857583ffb
CommitInfo{repo='GitHub', hash='ad35fd1d13f6497bd4b4244896e3c9e88ccef419', version='v1.0.10'} 	https://github.com/facebook/create-react-app/commit/ad35fd1d13f6497bd4b4244896e3c9e88ccef419
CommitInfo{repo='GitHub', hash='bfaee410c502a95076a6bd89721c76ca08e15f7b', version='v1.0.11'} 	https://github.com/facebook/create-react-app/commit/bfaee410c502a95076a6bd89721c76ca08e15f7b
CommitInfo{repo='GitHub', hash='a51be9582a53700aae1eb7e81dc66d33e80dad88', version='v1.0.12'} 	https://github.com/facebook/create-react-app/commit/a51be9582a53700aae1eb7e81dc66d33e80dad88
CommitInfo{repo='GitHub', hash='a51be9582a53700aae1eb7e81dc66d33e80dad88', version='v1.0.12'} 	https://github.com/facebook/create-react-app/commit/a51be9582a53700aae1eb7e81dc66d33e80dad88
CommitInfo{repo='GitHub', hash='c22dc7092627aa0281f690fe5f3ea1ec725c2f42', version='v1.0.13'} 	https://github.com/facebook/create-react-app/commit/c22dc7092627aa0281f690fe5f3ea1ec725c2f42
CommitInfo{repo='GitHub', hash='37bb19496ce4b7be11bb5825e6d2a5bb491dc773', version='v1.0.15'} 	https://github.com/facebook/create-react-app/commit/37bb19496ce4b7be11bb5825e6d2a5bb491dc773
CommitInfo{repo='GitHub', hash='dc95d18c9ccbf69ccc2e85b11de638f6462d7181', version='v1.0.16'} 	https://github.com/facebook/create-react-app/commit/dc95d18c9ccbf69ccc2e85b11de638f6462d7181
CommitInfo{repo='GitHub', hash='4b55193f0ad479f26b0f5e153bb4b152a1ee03e7', version='v1.0.17'} 	https://github.com/facebook/create-react-app/commit/4b55193f0ad479f26b0f5e153bb4b152a1ee03e7
CommitInfo{repo='GitHub', hash='73356a1541808774cf4fe590207a424d261dbe2b', version='v1.0.2'} 	https://github.com/facebook/create-react-app/commit/73356a1541808774cf4fe590207a424d261dbe2b
CommitInfo{repo='GitHub', hash='d649b8a0de6e94822f60a38637f41ef9efa90b31', version='v1.0.3'} 	https://github.com/facebook/create-react-app/commit/d649b8a0de6e94822f60a38637f41ef9efa90b31
CommitInfo{repo='GitHub', hash='7e25c9a6046fe057d3b4cc2eae20a0661d0273f3', version='v1.0.4'} 	https://github.com/facebook/create-react-app/commit/7e25c9a6046fe057d3b4cc2eae20a0661d0273f3
CommitInfo{repo='GitHub', hash='2558c3e32fbf9292a95671501abe0da4de4e893e', version='v1.0.5'} 	https://github.com/facebook/create-react-app/commit/2558c3e32fbf9292a95671501abe0da4de4e893e
CommitInfo{repo='GitHub', hash='2558c3e32fbf9292a95671501abe0da4de4e893e', version='v1.0.5'} 	https://github.com/facebook/create-react-app/commit/2558c3e32fbf9292a95671501abe0da4de4e893e
CommitInfo{repo='GitHub', hash='7a1873c0a788b4d7e7719e7469d4d67d6fc8a87c', version='v1.0.6'} 	https://github.com/facebook/create-react-app/commit/7a1873c0a788b4d7e7719e7469d4d67d6fc8a87c
CommitInfo{repo='GitHub', hash='58d8c5c05cc90d9286beb6b4200f5ac1918a8910', version='v1.0.7'} 	https://github.com/facebook/create-react-app/commit/58d8c5c05cc90d9286beb6b4200f5ac1918a8910
CommitInfo{repo='GitHub', hash='7796c94d79519f1632b89739040c154b5b66176a', version='v1.0.8'} 	https://github.com/facebook/create-react-app/commit/7796c94d79519f1632b89739040c154b5b66176a
CommitInfo{repo='GitHub', hash='adf334f88690596b5ffd3bb62e25cec7797e3b34', version='v1.0.9'} 	https://github.com/facebook/create-react-app/commit/adf334f88690596b5ffd3bb62e25cec7797e3b34
CommitInfo{repo='GitHub', hash='d9799641268dfadffb625af68ce0a78895147728', version='v1.1.0'} 	https://github.com/facebook/create-react-app/commit/d9799641268dfadffb625af68ce0a78895147728
CommitInfo{repo='GitHub', hash='0b1d6365768ae3bd267b042b74bab249673f1a9f', version='v1.1.1'} 	https://github.com/facebook/create-react-app/commit/0b1d6365768ae3bd267b042b74bab249673f1a9f
CommitInfo{repo='GitHub', hash='609aeea67b18fb1a8eb399a1384ea61ca35175af', version='v1.1.2'} 	https://github.com/facebook/create-react-app/commit/609aeea67b18fb1a8eb399a1384ea61ca35175af
CommitInfo{repo='GitHub', hash='408db51973fab34025336f9647105aa7e51c70ab', version='v1.1.3'} 	https://github.com/facebook/create-react-app/commit/408db51973fab34025336f9647105aa7e51c70ab
CommitInfo{repo='GitHub', hash='dfbc71ce2ae07547a8544cce14a1a23fac99e071', version='v1.1.4'} 	https://github.com/facebook/create-react-app/commit/dfbc71ce2ae07547a8544cce14a1a23fac99e071
CommitInfo{repo='GitHub', hash='dc74990b89b5c6e143b522c759be3dac2c286514', version='v1.1.5'} 	https://github.com/facebook/create-react-app/commit/dc74990b89b5c6e143b522c759be3dac2c286514
CommitInfo{repo='GitHub', hash='209053b97ec81ab6e6b95422d9aa26320b22c13c', version='v2.0.3'} 	https://github.com/facebook/create-react-app/commit/209053b97ec81ab6e6b95422d9aa26320b22c13c
CommitInfo{repo='GitHub', hash='6e14dbbbb8a540076c2315a8664dcc6405f5f8e2', version='v2.0.4'} 	https://github.com/facebook/create-react-app/commit/6e14dbbbb8a540076c2315a8664dcc6405f5f8e2
CommitInfo{repo='GitHub', hash='7a6a9b50b6d3cfc4fed2ae7d432a7419cbfbbfbe', version='v2.0.5'} 	https://github.com/facebook/create-react-app/commit/7a6a9b50b6d3cfc4fed2ae7d432a7419cbfbbfbe
CommitInfo{repo='GitHub', hash='b8c180dca3f5bf715d02c1fe61faa57fb13eb475', version='v2.1.0'} 	https://github.com/facebook/create-react-app/commit/b8c180dca3f5bf715d02c1fe61faa57fb13eb475
CommitInfo{repo='GitHub', hash='3e9ba54018e8261970e92e0b151f589ac3b754b1', version='v2.1.1'} 	https://github.com/facebook/create-react-app/commit/3e9ba54018e8261970e92e0b151f589ac3b754b1

Project A:
ProjectVersionFixed(version=1.1.1, dependency=0.28.11, time=2018-08-20 02:55:52 UTC),	Latest, "DependencyVersion(version=1.0.0, time=2018-07-06 16:41:31 UTC)"

ProjectVersionFixed(version=1.1.4, dependency=0.28.7, time=2018-08-20 03:17:22 UTC),	Latest, "DependencyVersion(version=1.0.0, time=2018-07-06 16:41:31 UTC)"

ProjectVersionFixed(version=1.1.5, dependency=0.28.7, time=2018-08-20 03:33:52 UTC),	Latest, "DependencyVersion(version=1.0.0, time=2018-07-06 16:41:31 UTC)"

ProjectVersionFixed(version=1.1.6, dependency=0.28.7, time=2018-08-20 03:36:07 UTC),	Latest, "DependencyVersion(version=1.0.0, time=2018-07-06 16:41:31 UTC)"

ProjectVersionFixed(version=1.1.7, dependency=0.28.7, time=2018-08-20 04:26:23 UTC),	Latest, "DependencyVersion(version=1.0.0, time=2018-07-06 16:41:31 UTC)"

ProjectVersionFixed(version=1.1.8, dependency=null, time=2018-08-20 23:54:28 UTC)
ProjectVersionFixed(version=1.1.9, dependency=null, time=2018-08-22 03:25:45 UTC)
ProjectVersionFixed(version=1.1.10, dependency=0.28.7, time=2018-08-22 03:52:40 UTC),	Latest, "DependencyVersion(version=1.0.0, time=2018-07-06 16:41:31 UTC)"

ProjectVersionFixed(version=1.1.11, dependency=0.28.7, time=2018-08-22 08:50:42 UTC),	Latest, "DependencyVersion(version=1.0.0, time=2018-07-06 16:41:31 UTC)"

ProjectVersionFixed(version=1.1.12, dependency=0.28.7, time=2018-08-25 08:01:17 UTC),	Latest, "DependencyVersion(version=1.0.0, time=2018-07-06 16:41:31 UTC)"


Project B:
DependencyVersion(version=0.1.0, time=2012-04-07 01:04:28 UTC)
DependencyVersion(version=0.10.0, time=2015-04-09 21:06:37 UTC)
DependencyVersion(version=0.10.1, time=2015-04-09 21:37:26 UTC)
DependencyVersion(version=0.1.1, time=2012-04-07 19:02:29 UTC)
DependencyVersion(version=0.11.0, time=2015-04-21 21:35:34 UTC)
DependencyVersion(version=0.11.1, time=2015-04-24 16:10:16 UTC)
DependencyVersion(version=0.11.2, time=2015-04-24 16:33:08 UTC)
DependencyVersion(version=0.1.2, time=2012-05-02 11:21:01 UTC)
DependencyVersion(version=0.12.0, time=2015-04-25 12:41:26 UTC)
DependencyVersion(version=0.12.1, time=2015-05-14 13:56:51 UTC)
DependencyVersion(version=0.13.0, time=2015-05-20 22:13:41 UTC)
DependencyVersion(version=0.13.1, time=2015-05-20 22:58:03 UTC)
DependencyVersion(version=0.14.0, time=2015-05-23 16:44:01 UTC)
DependencyVersion(version=0.14.1, time=2015-05-24 07:28:05 UTC)
DependencyVersion(version=0.14.2, time=2015-05-24 19:51:24 UTC)
DependencyVersion(version=0.14.3, time=2015-05-25 20:18:00 UTC)
DependencyVersion(version=0.14.4, time=2015-05-27 15:29:17 UTC)
DependencyVersion(version=0.14.5, time=2015-06-09 18:37:50 UTC)
DependencyVersion(version=0.15.0, time=2015-06-18 14:42:01 UTC)
DependencyVersion(version=0.15.1, time=2015-06-18 14:45:40 UTC)
DependencyVersion(version=0.15.2, time=2015-07-07 21:42:06 UTC)
DependencyVersion(version=0.15.3, time=2015-07-13 07:11:18 UTC)
DependencyVersion(version=0.15.4, time=2015-07-14 21:11:27 UTC)
DependencyVersion(version=0.15.5, time=2015-07-18 16:24:09 UTC)
DependencyVersion(version=0.15.6, time=2015-07-26 21:32:06 UTC)
DependencyVersion(version=0.16.0, time=2015-08-12 19:59:53 UTC)
DependencyVersion(version=0.17.0, time=2015-09-02 13:51:36 UTC)
DependencyVersion(version=0.18.0, time=2015-09-10 07:18:48 UTC)
DependencyVersion(version=0.19.0, time=2015-09-22 17:54:28 UTC)
DependencyVersion(version=0.2.0, time=2012-05-13 20:58:56 UTC)
DependencyVersion(version=0.20.0, time=2015-10-18 20:48:20 UTC)
DependencyVersion(version=0.20.1, time=2015-10-18 21:05:17 UTC)
DependencyVersion(version=0.20.2, time=2015-10-19 21:44:28 UTC)
DependencyVersion(version=0.2.1, time=2012-05-13 21:04:44 UTC)
DependencyVersion(version=0.21.0, time=2015-10-21 15:14:36 UTC)
DependencyVersion(version=0.2.2, time=2012-05-13 21:31:41 UTC)
DependencyVersion(version=0.22.0, time=2015-11-04 22:50:38 UTC)
DependencyVersion(version=0.2.3, time=2012-05-20 22:04:57 UTC)
DependencyVersion(version=0.23.0, time=2015-11-14 08:19:48 UTC)
DependencyVersion(version=0.23.1, time=2015-12-22 09:52:29 UTC)
DependencyVersion(version=0.2.4, time=2012-09-26 11:20:39 UTC)
DependencyVersion(version=0.24.0, time=2016-08-24 07:00:54 UTC)
DependencyVersion(version=0.25.0, time=2016-09-05 15:55:25 UTC)
DependencyVersion(version=0.26.0, time=2016-11-17 13:55:24 UTC)
DependencyVersion(version=0.26.1, time=2016-12-02 14:05:07 UTC)
DependencyVersion(version=0.26.2, time=2017-02-24 16:49:58 UTC)
DependencyVersion(version=0.26.4, time=2017-03-08 13:53:21 UTC)
DependencyVersion(version=0.27.0, time=2017-03-10 05:34:30 UTC)
DependencyVersion(version=0.27.1, time=2017-03-10 08:16:01 UTC)
DependencyVersion(version=0.27.2, time=2017-03-12 18:27:37 UTC)
DependencyVersion(version=0.27.3, time=2017-03-13 13:45:04 UTC)
DependencyVersion(version=0.28.0, time=2017-03-30 06:42:30 UTC)
DependencyVersion(version=0.28.1, time=2017-05-02 07:18:51 UTC)
DependencyVersion(version=0.28.10, time=2018-02-22 17:50:45 UTC)
DependencyVersion(version=0.28.11, time=2018-03-16 10:35:34 UTC)
DependencyVersion(version=0.28.2, time=2017-05-22 06:47:13 UTC)
DependencyVersion(version=0.28.3, time=2017-05-25 20:37:09 UTC)
DependencyVersion(version=0.28.4, time=2017-05-30 01:13:08 UTC)
DependencyVersion(version=0.28.5, time=2017-08-17 08:17:04 UTC)
DependencyVersion(version=0.28.6, time=2017-08-30 16:28:36 UTC)
DependencyVersion(version=0.28.7, time=2017-08-30 21:18:28 UTC)
DependencyVersion(version=0.28.8, time=2018-01-05 06:25:35 UTC)
DependencyVersion(version=0.28.9, time=2018-01-17 13:25:17 UTC)
DependencyVersion(version=0.5.0, time=2013-02-01 07:45:52 UTC)
DependencyVersion(version=0.5.1, time=2013-02-10 17:34:39 UTC)
DependencyVersion(version=0.5.2, time=2013-02-13 12:27:30 UTC)
DependencyVersion(version=0.6.0, time=2013-03-25 23:15:24 UTC)
DependencyVersion(version=0.6.1, time=2013-06-10 10:42:38 UTC)
DependencyVersion(version=0.6.10, time=2014-03-31 07:52:16 UTC)
DependencyVersion(version=0.6.11, time=2014-03-31 07:52:47 UTC)
DependencyVersion(version=0.6.12, time=2014-03-31 07:58:08 UTC)
DependencyVersion(version=0.6.2, time=2013-09-16 14:07:07 UTC)
DependencyVersion(version=0.6.3, time=2013-11-15 12:09:37 UTC)
DependencyVersion(version=0.6.4, time=2013-11-28 11:31:29 UTC)
DependencyVersion(version=0.6.5, time=2013-12-13 11:34:45 UTC)
DependencyVersion(version=0.6.6, time=2013-12-22 10:36:03 UTC)
DependencyVersion(version=0.6.7, time=2014-01-23 08:04:42 UTC)
DependencyVersion(version=0.6.8, time=2014-02-11 11:35:47 UTC)
DependencyVersion(version=0.6.9, time=2014-03-26 09:36:13 UTC)
DependencyVersion(version=0.7.0, time=2014-07-07 11:03:53 UTC)
DependencyVersion(version=0.7.1, time=2014-08-10 21:15:58 UTC)
DependencyVersion(version=0.8.0, time=2014-09-07 20:55:12 UTC)
DependencyVersion(version=0.9.0, time=2014-09-22 05:55:13 UTC)
DependencyVersion(version=0.9.1, time=2015-01-11 08:39:18 UTC)
DependencyVersion(version=1.0.0, time=2018-07-06 16:41:31 UTC)
DependencyVersion(version=1.0.1, time=2018-10-29 14:44:41 UTC)
DependencyVersion(version=2.0.0, time=2018-12-07 11:43:27 UTC)
DependencyVersion(version=2.0.1, time=2018-12-14 12:39:44 UTC)
DependencyVersion(version=2.0.2, time=2018-12-21 11:23:10 UTC)